113209401031489837859031172474306549176725320901540248056919939187047056710100
19076361496803444387200126634094828603702330843886192585654045080969177934747
31312642248657692462795033511586047378549392769184563071056526174719555404479
2bw5VmwLGYXPW8JAhFKuNoWkVEn2LhD23Cyn6hyBbYQt
0
75983953140217710960433492100699509800862251240435669792496467951769932968338
33512899085489338814287759091635939533373773552928014402937723709661193004389
85244205887417930747046894682277245733086407604754386673386523097005603270233
DtKT38bDYy5wZ4QohmsJReBjEwVtiktHW3JBKy9EGQWB
0
108232103351796486203397238270999232321005563006827464958218526992717126883295
83482890092646445867624197544543742737612877288812223320823574423684471029436
108265704144993786867208626404002396820322858657291885553272286786398818173661
BtawGihqR2aH23xeprorhEZDxUxrjkbJeXJULBM4ku6v
0
55213214496796826238669196331598358247780610961572682597819692485653332118897
23730354030829861997693151010684841127533884179659578385570563630570670688079
96407349341453956593464501137974410771775720268838754779111591509032776762993
CBjAezEZ3em4erEyf7WqxPWo612irCfWakhQuazSPFHo
0
33828716003063833433350033745508943595964129012136769819313928957083044279533
22967617300894485204387577072222049040469655143091487400441789167963189650654
18950979038690595804810257105263067048332030956865758539951642348060021462012
7XBrpEc58kpMpQdnEYcCAHG3V43JF5rdeFyQAGryiXSz
0
111407200272583446413766887740663959078907952749960778424261475801810207758240
2000632108193903837572912805188578893121103281103046007629276915868775854211
75276794023851485345714458693168791840977406981807098845889115721735225906329
Czc5ZtomnWqTUwfCAevfMBkPBDkcJNprWiMPMCt6nJ2E
0
50711229586623245829508237301370565184666392990211175065643661519040972869538
25641670021486965408422356217295244450196933145236380043071581189743340143002
75563834477629269770653971764468938051812262740135629347625080233896887916583
FKoq4SXUveLgr238CGxrTthmyhsYYZ8xa1Tb134SPwY6
0
72967117664097814209206587579559844679287479898001044699747322012687507022616
86273247153976644850640152855384560731227077379035781801225226776328047973608
78460086070022624623377522473270238458358868832287825228307747152343285754132
FmGJSYquzPnCro7rZ25LwYyKZivb71EaPg2ngC57SCdV
0
13443612869978696435993606109598030186463031117484812470662763574042916196737
95701320219722982788644673424500900251292967133835584275080385527112630500560
90670103047625519126054704709165330762668417835056000203358433775426046547256
7HzZxpH7cCD5ZJt9pB2GiZNrLLZVQ1jATsMtSzAe9pTW
0
